#File generated by random_sampling.py
# Date : Fri Jan 31 12:40:05 2020
#
# Initial size  : 20000
# sampled size  : 1000
# sampling ratio: 0.050000
# Protocole     : random
# Dwell time    : 0.003300
# linear zone   : 0
# seed          : 3428256999
#
17
18
22
29
54
59
80
89
128
132
147
159
165
203
212
227
232
275
280
319
344
350
357
388
434
444
576
590
613
616
638
644
653
660
666
703
710
713
747
750
754
760
809
835
836
837
863
926
980
1021
1039
1056
1085
1098
1099
1162
1176
1217
1221
1228
1264
1292
1312
1314
1323
1342
1373
1376
1377
1390
1393
1403
1474
1496
1505
1514
1537
1540
1544
1556
1565
1598
1601
1605
1609
1610
1637
1641
1648
1699
1741
1757
1764
1789
1823
1905
1922
1926
2001
2097
2104
2126
2141
2164
2190
2213
2244
2250
2259
2261
2279
2429
2443
2446
2456
2475
2495
2523
2563
2597
2645
2650
2658
2680
2704
2777
2793
2830
2849
2862
2866
2894
2911
2915
2968
2974
2977
3012
3033
3063
3080
3104
3109
3138
3171
3216
3240
3260
3276
3296
3323
3343
3359
3376
3410
3416
3429
3458
3486
3522
3526
3540
3560
3580
3622
3660
3675
3691
3712
3719
3729
3744
3778
3820
3821
3828
3842
3845
3945
3990
4067
4076
4090
4114
4150
4165
4203
4213
4231
4257
4268
4317
4349
4353
4391
4409
4421
4423
4432
4453
4461
4463
4513
4526
4545
4557
4562
4572
4578
4593
4603
4614
4618
4623
4647
4684
4686
4694
4712
4719
4731
4772
4806
4830
4869
4875
4912
4918
4941
4989
5007
5027
5035
5088
5122
5134
5141
5165
5178
5204
5208
5221
5233
5250
5259
5263
5280
5284
5294
5296
5302
5351
5384
5390
5405
5434
5452
5464
5518
5525
5526
5533
5579
5648
5654
5690
5707
5748
5756
5767
5835
5846
5858
5877
5916
5932
5937
5952
5956
5964
5967
5974
5994
5999
6011
6045
6080
6086
6103
6107
6124
6170
6187
6200
6217
6223
6243
6246
6251
6280
6287
6310
6331
6332
6375
6425
6434
6462
6474
6495
6498
6506
6518
6543
6553
6604
6623
6636
6698
6708
6726
6733
6814
6820
6832
6901
6923
6928
6949
6958
6960
6961
6963
6972
6986
7000
7001
7010
7029
7046
7064
7114
7119
7120
7138
7194
7237
7244
7249
7268
7271
7277
7303
7341
7348
7356
7358
7370
7382
7421
7445
7457
7559
7565
7601
7634
7679
7685
7753
7780
7793
7798
7800
7848
7884
7934
7937
7939
7940
7972
7979
7995
8012
8013
8049
8088
8111
8120
8121
8122
8176
8179
8197
8207
8270
8271
8277
8282
8293
8315
8339
8373
8400
8428
8450
8454
8455
8458
8507
8529
8538
8555
8563
8590
8606
8637
8655
8670
8690
8696
8700
8737
8747
8752
8765
8776
8795
8807
8823
8838
8842
8843
8855
8861
8863
8908
8910
8913
8921
8946
8953
8960
8961
8973
8977
9038
9042
9055
9066
9078
9093
9154
9172
9180
9181
9210
9214
9215
9237
9277
9287
9292
9297
9304
9322
9352
9369
9431
9438
9449
9457
9463
9480
9501
9507
9514
9516
9541
9551
9562
9580
9593
9605
9612
9617
9643
9649
9658
9688
9692
9695
9705
9743
9776
9779
9786
9787
9825
9836
9927
9938
9958
9971
9979
9986
10053
10054
10061
10070
10071
10122
10140
10151
10158
10199
10205
10219
10226
10287
10288
10325
10364
10397
10405
10465
10473
10478
10491
10523
10533
10539
10541
10543
10551
10560
10572
10580
10583
10662
10664
10701
10709
10762
10767
10791
10885
10911
10927
10996
11001
11014
11025
11038
11068
11097
11156
11159
11171
11202
11209
11223
11251
11354
11417
11420
11424
11429
11462
11471
11492
11493
11499
11530
11532
11544
11571
11589
11604
11615
11616
11650
11666
11675
11685
11696
11700
11705
11719
11737
11746
11764
11789
11807
11816
11825
11833
11839
11840
11844
11852
11879
11894
11928
11977
11983
12014
12054
12067
12086
12097
12122
12132
12148
12156
12165
12189
12223
12224
12231
12266
12267
12347
12389
12417
12465
12479
12488
12507
12522
12534
12595
12597
12646
12711
12713
12726
12737
12738
12770
12772
12778
12807
12811
12815
12833
12841
12867
12884
12895
12901
12908
12922
12973
12989
13025
13028
13080
13113
13120
13123
13131
13143
13160
13167
13199
13203
13206
13235
13248
13254
13257
13309
13351
13380
13403
13415
13514
13545
13555
13567
13575
13603
13611
13621
13697
13734
13818
13855
13861
13890
13907
13913
13921
13924
13929
14051
14091
14092
14106
14130
14147
14162
14163
14172
14178
14205
14207
14209
14221
14228
14234
14238
14273
14275
14307
14349
14354
14371
14399
14415
14434
14470
14473
14477
14547
14577
14600
14615
14623
14630
14644
14683
14686
14709
14716
14727
14742
14755
14775
14790
14809
14816
14858
14930
14982
15026
15051
15059
15061
15074
15075
15086
15106
15128
15192
15209
15212
15217
15244
15253
15269
15271
15272
15280
15284
15296
15298
15351
15361
15398
15446
15454
15476
15480
15481
15495
15502
15516
15526
15555
15643
15656
15680
15695
15705
15711
15724
15728
15745
15746
15787
15792
15848
15867
15883
15885
15965
16004
16009
16020
16088
16104
16129
16147
16174
16223
16254
16269
16282
16318
16321
16338
16349
16375
16388
16390
16404
16432
16435
16440
16443
16451
16465
16477
16498
16511
16568
16571
16594
16629
16639
16677
16682
16698
16712
16758
16772
16776
16784
16811
16814
16820
16863
16911
16912
16926
16931
16940
16943
16959
16985
16988
16989
16995
17063
17112
17154
17160
17171
17251
17271
17294
17318
17345
17351
17352
17398
17407
17423
17425
17428
17432
17435
17443
17456
17466
17475
17518
17524
17528
17589
17614
17628
17685
17723
17749
17764
17768
17774
17782
17797
17799
17807
17876
17883
17917
17926
17940
18019
18020
18041
18069
18081
18092
18103
18107
18119
18153
18180
18184
18200
18223
18250
18253
18269
18285
18299
18309
18328
18340
18355
18423
18450
18466
18471
18483
18501
18511
18583
18630
18639
18641
18731
18746
18786
18826
18827
18839
18856
18881
18884
18911
18931
18945
18952
18960
18990
18998
19030
19044
19048
19069
19076
19131
19135
19143
19176
19221
19252
19292
19300
19302
19369
19376
19389
19395
19401
19410
19420
19430
19434
19455
19516
19520
19536
19562
19577
19626
19629
19659
19673
19678
19682
19726
19732
19770
19778
19799
19821
19826
19828
19831
19837
19839
19875
19884
19901
19959
19974
19999
